[ 0.07065885 -0.10813728 -0.06526042  0.14308594  0.1167589   0.07141746
 -0.21599732  0.1867252  -0.16495834 -0.03795145]
[-0.0932701  -0.23018627 -0.18973021 -0.11509202  0.13715069  0.02496288
  0.02488589 -0.11985374 -0.10771416 -0.00212531]
[-0.0552593   0.00165039  0.21268869  0.06603654 -0.12676827  0.16019001
 -0.00538638  0.04309478 -0.03966796 -0.09805851]
[-0.19414746  0.21027944  0.11462283  0.14714526 -0.18110556  0.16991599
  0.02521101  0.22326044  0.04150353  0.1939803 ]
[-0.17771442  0.16167343  0.13227751  0.17246801 -0.13730398  0.14435965
  0.2205233  -0.02871297 -0.17861974 -0.13070376]
[ 0.08371239 -0.04744348 -0.06596986 -0.21604546 -0.00480155  0.16037408
 -0.1819686  -0.14061768 -0.23768719  0.21976519]
[-0.20986733 -0.19652022 -0.02834416 -0.02308294  0.2002371  -0.17649589
  0.04385983 -0.15263979 -0.16798374  0.10574228]
[ 0.02934768 -0.18381343 -0.00272265 -0.12231461  0.18739878  0.23872976
  0.24836738 -0.07068657  0.166707    0.14301453]
[ 0.09528773 -0.04277753  0.23335863 -0.01506546 -0.07963806  0.17879658
  0.12241146 -0.1419092   0.10340263  0.04601512]
[-0.1770653  -0.12436376  0.20139185 -0.05425978 -0.05027164 -0.18611585
 -0.04291974 -0.19613717  0.18683826  0.00063706]
