[-0.1190175  -0.04482839 -0.10411109  0.23406601 -0.23488407 -0.23702563
  0.07685528  0.17955638  0.13961322]
[ 0.00101679 -0.03835222  0.15407423 -0.05961795  0.23926024  0.16770542
 -0.12444551  0.13590747 -0.03120818]
[-0.18530746  0.121538    0.05483213 -0.17919035  0.21500159 -0.15308161
 -0.24246542  0.05216356  0.06726169]
[ 0.14014523  0.1052642  -0.17442654  0.08973322  0.05428633 -0.23308044
  0.05683612  0.12033878 -0.15912266]
[-0.23724235 -0.01559824  0.07793433 -0.08806057  0.12292025  0.07241025
  0.22011657  0.00942548 -0.01150246]
[ 0.06037208  0.14065108 -0.12079794 -0.07941977 -0.11028064  0.0547708
 -0.06818286  0.15850632 -0.07765944]
[-0.18898269 -0.02608868  0.16631185 -0.17274521 -0.18232288 -0.15612894
 -0.11756587  0.19482398  0.13662248]
[-0.06158013 -0.07086093  0.2461982   0.22366778  0.1519388   0.03457499
  0.0616819   0.13732706 -0.19783295]
[ 0.11793048  0.15060669  0.15371621 -0.23520687  0.21511152  0.19465335
  0.01491148 -0.04250328  0.18238381]
